0 0.05703125 0.7015625 0.05546875 0.0859375
0 0.1703125 0.6421875 0.02734375 0.06875
0 0.253125 0.63671875 0.03828125 0.0578125
0 0.3671875 0.7875 0.06640625 0.11796875
0 0.50078125 0.62421875 0.0375 0.0640625
0 0.734375 0.63125 0.04140625 0.06875
1 0.3125 0.775 0.0671875 0.1234375
1 0.12265625 0.6796875 0.046875 0.07734375
1 0.32421875 0.63984375 0.03984375 0.07265625
1 0.378125 0.69609375 0.05625 0.0859375
1 0.65390625 0.6890625 0.0546875 0.08984375
1 0.79140625 0.6234375 0.04296875 0.0609375
1 0.95078125 0.63359375 0.0578125 0.059375