2 0.1671875 0.28984375 0.03515625 0.03671875
2 0.159375 0.26953125 0.0328125 0.03671875
2 0.26875 0.309375 0.04765625 0.08515625
2 0.684375 0.2703125 0.0375 0.0671875
2 0.70390625 0.28828125 0.04765625 0.08125
0 0.61796875 0.25859375 0.0421875 0.07109375
0 0.81640625 0.26640625 0.04609375 0.075
1 0.9328125 0.29296875 0.05546875 0.08359375
0 0.9296875 0.24453125 0.04765625 0.06484375
1 0.565625 0.39296875 0.07265625 0.11796875
1 0.12734375 0.359375 0.0609375 0.10234375
1 0.21015625 0.3265625 0.0609375 0.09375
1 0.54375 0.28359375 0.05234375 0.078125
1 0.76328125 0.28515625 0.0453125 0.08203125
1 0.88828125 0.26796875 0.04375 0.071875