0 0.07578125 0.7828125 0.06171875 0.10703125
0 0.04375 0.83671875 0.07890625 0.13828125
0 0.1828125 0.7828125 0.06796875 0.11875
0 0.6546875 0.72265625 0.05625 0.0953125
0 0.6875 0.64921875 0.04296875 0.07421875
1 0.1359375 0.6859375 0.04765625 0.08359375
1 0.22109375 0.66953125 0.04609375 0.08046875
1 0.3 0.6734375 0.04765625 0.06953125
1 0.30390625 0.75859375 0.0578125 0.103125
1 0.25625 0.84296875 0.071875 0.1265625
1 0.36953125 0.77890625 0.06171875 0.1125
1 0.428125 0.8421875 0.07109375 0.14140625
1 0.4765625 0.6890625 0.0484375 0.0765625
1 0.94921875 0.6390625 0.03984375 0.06171875