0 0.5328125 0.75703125 0.05 0.0765625
0 0.540625 0.70703125 0.03359375 0.05859375
0 0.53203125 0.6765625 0.02734375 0.02890625
0 0.61484375 0.71640625 0.03203125 0.06953125
0 0.5890625 0.74296875 0.0453125 0.0671875
0 0.6015625 0.83125 0.06484375 0.11484375
0 0.7125 0.80546875 0.059375 0.10859375
1 0.171875 0.72109375 0.03828125 0.06640625
1 0.20625 0.70390625 0.03671875 0.0578125
1 0.45234375 0.70390625 0.03515625 0.06328125
1 0.50234375 0.7421875 0.03046875 0.08046875
1 0.67890625 0.76015625 0.04765625 0.08359375
1 0.68984375 0.70859375 0.0390625 0.0609375