2 0.1765625 0.2203125 0.05703125 0.1
2 0.0625 0.20703125 0.04296875 0.04296875
2 0.05234375 0.19296875 0.04609375 0.0453125
2 0.61328125 0.1609375 0.03359375 0.0796875
2 0.63671875 0.17734375 0.04296875 0.08203125
2 0.9859375 0.2125 0.028125 0.0875
2 0.984375 0.31640625 0.03125 0.1328125
0 0.54765625 0.1484375 0.04453125 0.07890625
0 0.74609375 0.1453125 0.0453125 0.07109375
0 0.8875 0.1546875 0.04609375 0.08125
1 0.4984375 0.29375 0.065625 0.13046875
1 0.028125 0.2921875 0.05546875 0.12734375
1 0.11015625 0.24921875 0.0578125 0.11796875
1 0.475 0.18125 0.05703125 0.0875
1 0.6921875 0.17109375 0.05234375 0.096875
1 0.840625 0.15859375 0.04609375 0.07421875
1 0.81015625 0.140625 0.0421875 0.06796875
1 0.790625 0.12578125 0.03984375 0.0640625
1 0.940625 0.128125 0.053125 0.07421875