0 0.53046875 0.7578125 0.04453125 0.078125
1 0.5078125 0.7390625 0.03828125 0.06796875
1 0.50390625 0.69140625 0.025 0.03359375
0 0.5203125 0.70234375 0.0296875 0.0390625
0 0.61875 0.75390625 0.04296875 0.08046875
0 0.540625 0.684375 0.02109375 0.0453125
1 0.175 0.71171875 0.0390625 0.06328125
1 0.215625 0.703125 0.0359375 0.0625
1 0.4515625 0.69921875 0.028125 0.06484375
1 0.56328125 0.72265625 0.0359375 0.0703125
1 0.67578125 0.7578125 0.04609375 0.08515625
1 0.88828125 0.796875 0.06015625 0.1046875