0 0.2375 0.85234375 0.06171875 0.11796875
0 0.04140625 0.803125 0.05703125 0.09140625
0 0.56875 0.684375 0.0390625 0.059375
0 0.8375 0.759375 0.05078125 0.0828125
0 0.840625 0.69296875 0.0375 0.0609375
0 0.953125 0.7328125 0.0515625 0.0921875
1 0.1359375 0.7890625 0.06171875 0.1
1 0.44140625 0.70625 0.034375 0.06875
1 0.5109375 0.7078125 0.034375 0.0765625
1 0.55234375 0.7546875 0.03984375 0.078125
1 0.57109375 0.7421875 0.034375 0.07734375
1 0.628125 0.76796875 0.0578125 0.08359375
1 0.9640625 0.8578125 0.071875 0.13125