0 0.42890625 0.6953125 0.0421875 0.08046875
0 0.49921875 0.68984375 0.0359375 0.05078125
1 0.5015625 0.64296875 0.0265625 0.04296875
0 0.5125 0.65625 0.02734375 0.040625
0 0.53515625 0.73046875 0.05078125 0.09453125
0 0.5265625 0.67578125 0.03671875 0.0515625
1 0.553125 0.70390625 0.04296875 0.07890625
0 0.56328125 0.65390625 0.0359375 0.040625
1 0.44609375 0.70703125 0.04140625 0.08359375
1 0.48359375 0.7296875 0.04296875 0.09453125
1 0.578125 0.68984375 0.03671875 0.0984375
1 0.61796875 0.6859375 0.0453125 0.1046875
1 0.53984375 0.640625 0.0265625 0.03671875
1 0.47421875 0.66875 0.0328125 0.05
1 0.4421875 0.65078125 0.0234375 0.021875
1 0.4734375 0.6375 0.02734375 0.025
1 0.959375 0.63984375 0.0359375 0.0578125
1 0.9703125 0.634375 0.03125 0.07265625
1 0.99296875 0.665625 0.0140625 0.05625