2 0.2859375 0.6015625 0.1640625 0.2890625
2 0.5203125 0.5671875 0.1359375 0.23359375
2 0.93515625 0.684375 0.1296875 0.284375
0 0.5328125 0.3609375 0.09921875 0.134375
0 0.6765625 0.6671875 0.16171875 0.28828125
0 0.88203125 0.41484375 0.128125 0.14140625
1 0.23671875 0.5390625 0.1234375 0.215625
1 0.31953125 0.42265625 0.11171875 0.1578125
1 0.51875 0.440625 0.11015625 0.1296875
1 0.62578125 0.5046875 0.11875 0.2
1 0.71484375 0.46015625 0.11171875 0.20859375
1 0.5359375 0.2578125 0.07265625 0.1234375
1 0.8671875 0.528125 0.14140625 0.21640625