0 0.928125 0.715625 0.040625 0.0578125
2 0.4578125 0.759375 0.03046875 0.03671875
1 0.4859375 0.7671875 0.0328125 0.03984375
2 0.4890625 0.74453125 0.03203125 0.03671875
2 0.51484375 0.78984375 0.04375 0.040625
2 0.51796875 0.753125 0.03515625 0.03203125
2 0.51953125 0.7375 0.03359375 0.0375
2 0.58984375 0.7890625 0.04375 0.08203125
1 0.41328125 0.79375 0.04375 0.09453125
1 0.440625 0.80625 0.04453125 0.09609375
1 0.484375 0.8375 0.04453125 0.0859375
1 0.53984375 0.83515625 0.0484375 0.09140625
1 0.5765625 0.81953125 0.04296875 0.10078125
1 0.63203125 0.7953125 0.0484375 0.09921875
1 0.5359375 0.7703125 0.034375 0.04765625
1 0.56015625 0.7515625 0.040625 0.04453125
1 0.97109375 0.7453125 0.05390625 0.084375