2 0.18515625 0.67578125 0.1703125 0.28515625
2 0.3375 0.753125 0.175 0.3140625
2 0.921875 0.45625 0.14921875 0.23515625
2 0.87265625 0.40390625 0.0859375 0.16328125
0 0.40859375 0.38515625 0.0984375 0.1515625
1 0.484375 0.32578125 0.07578125 0.14921875
0 0.48671875 0.25 0.06953125 0.09921875
0 0.61875 0.2984375 0.0703125 0.13671875
1 0.4046875 0.5390625 0.1234375 0.215625
1 0.30234375 0.2953125 0.078125 0.134375
1 0.39375 0.2921875 0.07578125 0.11640625
1 0.584375 0.346875 0.0859375 0.15390625
1 0.4375 0.18828125 0.0546875 0.10078125