0 0.25234375 0.6328125 0.03828125 0.065625
0 0.84140625 0.6375 0.04453125 0.0703125
1 0.09375 0.66796875 0.04140625 0.07890625
1 0.13125 0.6546875 0.03984375 0.0765625
1 0.2828125 0.63671875 0.03515625 0.06640625
1 0.32578125 0.63203125 0.03828125 0.0640625
1 0.4171875 0.72265625 0.05234375 0.0953125
1 0.3671875 0.81484375 0.06796875 0.15078125
1 0.50078125 0.634375 0.03671875 0.0578125
1 0.628125 0.77265625 0.0671875 0.1203125
1 0.75 0.7359375 0.0625 0.10859375
1 0.8171875 0.73671875 0.05703125 0.11015625
1 0.86484375 0.76484375 0.0609375 0.11484375
1 0.8890625 0.65 0.04296875 0.0671875
1 0.95234375 0.64765625 0.05 0.08203125
1 0.984375 0.6359375 0.03046875 0.059375