0 0.5 0.74140625 0.05546875 0.1
0 0.52734375 0.67265625 0.03828125 0.0765625
0 0.54765625 0.65234375 0.03671875 0.071875
0 0.240625 0.64765625 0.0328125 0.06875
0 0.3078125 0.66484375 0.04765625 0.08203125
1 0.15703125 0.65 0.03984375 0.0765625
1 0.2125 0.6609375 0.0484375 0.08203125
1 0.29765625 0.78828125 0.0640625 0.11875
1 0.33515625 0.8125 0.0609375 0.1234375
1 0.378125 0.74765625 0.0609375 0.08984375
1 0.34765625 0.71640625 0.0515625 0.06640625
1 0.78359375 0.70859375 0.05703125 0.09296875
1 0.82734375 0.68671875 0.0515625 0.08359375
1 0.825 0.62265625 0.04140625 0.0546875
1 0.946875 0.653125 0.05078125 0.08203125
1 0.97109375 0.63359375 0.03984375 0.06484375
1 0.9921875 0.66171875 0.015625 0.05625