2 0.42578125 0.77890625 0.04296875 0.0859375
2 0.47265625 0.81484375 0.05703125 0.10859375
1 0.51015625 0.765625 0.03984375 0.0484375
2 0.51171875 0.73515625 0.03671875 0.03515625
2 0.5515625 0.74296875 0.03828125 0.0375
2 0.56328125 0.76875 0.03828125 0.03671875
2 0.64375 0.771875 0.04140625 0.084375
1 0.54296875 0.84375 0.05546875 0.0984375
1 0.59140625 0.8171875 0.05703125 0.0984375
1 0.6171875 0.7828125 0.0421875 0.0859375
1 0.6 0.74375 0.03515625 0.0453125
1 0.52734375 0.78828125 0.04453125 0.065625
1 0.4609375 0.784375 0.0421875 0.0734375
1 0.4796875 0.746875 0.02578125 0.0375
1 0.5671875 0.72578125 0.0328125 0.0515625
1 0.53125 0.7265625 0.0265625 0.03671875
0 0.9671875 0.703125 0.0484375 0.071875