0 0.2125 0.453125 0.12421875 0.19765625
0 0.396875 0.28125 0.0828125 0.14140625
0 0.5 0.25546875 0.07578125 0.1421875
0 0.534375 0.8703125 0.2234375 0.25859375
0 0.0546875 0.8546875 0.109375 0.290625
1 0.2953125 0.7 0.175 0.30390625
1 0.3140625 0.93671875 0.22265625 0.1265625
1 0.26171875 0.30078125 0.09375 0.153125
1 0.31171875 0.25546875 0.07421875 0.15
1 0.446875 0.44140625 0.11796875 0.2109375
1 0.61328125 0.62890625 0.15859375 0.28203125
1 0.59375 0.296875 0.090625 0.1609375
1 0.5984375 0.221875 0.08203125 0.0859375