2 0.275 0.7421875 0.04921875 0.090625
2 0.17890625 0.72734375 0.03828125 0.0390625
1 0.159375 0.765625 0.04609375 0.06328125
2 0.16953125 0.7078125 0.03515625 0.03125
2 0.6921875 0.69765625 0.0359375 0.06171875
2 0.71484375 0.7171875 0.04921875 0.084375
0 0.6265625 0.68515625 0.03828125 0.0703125
0 0.82578125 0.696875 0.046875 0.0765625
1 0.946875 0.72265625 0.0625 0.0953125
0 0.928125 0.65703125 0.0453125 0.053125
1 0.125 0.8 0.053125 0.0953125
1 0.209375 0.76875 0.046875 0.10078125
1 0.209375 0.69921875 0.03359375 0.04609375
1 0.57265625 0.83125 0.065625 0.1265625
1 0.5484375 0.71171875 0.046875 0.0890625
1 0.771875 0.71796875 0.0515625 0.09296875
1 0.8234375 0.64921875 0.04375 0.040625
1 0.871875 0.68046875 0.03984375 0.07265625
1 0.89375 0.6890625 0.0421875 0.08984375