2 0.3203125 0.596875 0.1765625 0.31171875
2 0.21484375 0.37109375 0.1265625 0.22890625
2 0.4359375 0.234375 0.0984375 0.1203125
2 0.540625 0.2796875 0.121875 0.1640625
2 0.58359375 0.4046875 0.1359375 0.2390625
2 0.76875 0.30703125 0.1203125 0.1984375
1 0.30390625 0.425 0.15234375 0.1984375
1 0.34296875 0.3 0.0953125 0.1328125
1 0.43359375 0.3546875 0.12890625 0.18671875
1 0.5015625 0.52109375 0.1484375 0.26875
1 0.55390625 0.82421875 0.2265625 0.3515625
1 0.68984375 0.571875 0.165625 0.30625
1 0.72734375 0.390625 0.14140625 0.2265625
1 0.4765625 0.1765625 0.0828125 0.10390625
1 0.559375 0.196875 0.0984375 0.11015625
1 0.653125 0.24296875 0.09765625 0.14609375