0 0.4515625 0.70859375 0.0390625 0.0859375
1 0.47890625 0.66328125 0.0359375 0.03984375
0 0.4734375 0.64375 0.02734375 0.03125
1 0.528125 0.728125 0.05625 0.09609375
1 0.50390625 0.6828125 0.0328125 0.04375
0 0.52109375 0.65078125 0.03125 0.0328125
0 0.55390625 0.71171875 0.040625 0.0890625
0 0.5671875 0.653125 0.0328125 0.03828125
0 0.5890625 0.70078125 0.0421875 0.08984375
1 0.40703125 0.6890625 0.04140625 0.08671875
1 0.4390625 0.66015625 0.0328125 0.040625
1 0.47890625 0.73125 0.03984375 0.090625
1 0.50078125 0.6375 0.0296875 0.040625
1 0.5375 0.63828125 0.03359375 0.03125
1 0.609375 0.6796875 0.034375 0.078125
1 0.9515625 0.64453125 0.0453125 0.06484375
1 0.97109375 0.6296875 0.0265625 0.0640625
1 0.99140625 0.65546875 0.0171875 0.04453125