0 0.40390625 0.35390625 0.08671875 0.1484375
1 0.4796875 0.33046875 0.07890625 0.16953125
0 0.4984375 0.25859375 0.06953125 0.11796875
0 0.64140625 0.35703125 0.09140625 0.16328125
1 0.27734375 0.50234375 0.11875 0.2171875
1 0.39375 0.52890625 0.11875 0.22890625
1 0.509375 0.54921875 0.1140625 0.21171875
1 0.7296875 0.47890625 0.11796875 0.2234375
1 0.79765625 0.32421875 0.0953125 0.1515625
1 0.69765625 0.3015625 0.078125 0.140625
1 0.5609375 0.321875 0.084375 0.14375
1 0.571875 0.2625 0.075 0.09375