2 0.4140625 0.78828125 0.0421875 0.08359375
2 0.4578125 0.8203125 0.05234375 0.09453125
1 0.48984375 0.775 0.0328125 0.0546875
1 0.51875 0.84921875 0.059375 0.10859375
1 0.509375 0.8 0.0484375 0.065625
2 0.49453125 0.74765625 0.0296875 0.034375
2 0.53125 0.753125 0.0390625 0.03671875
2 0.54453125 0.77890625 0.0390625 0.0515625
2 0.6203125 0.78046875 0.03671875 0.078125
1 0.4453125 0.78828125 0.04140625 0.06484375
1 0.46328125 0.76328125 0.025 0.0421875
1 0.56953125 0.821875 0.05 0.09453125
1 0.590625 0.78671875 0.03203125 0.07109375
1 0.5796875 0.75859375 0.03515625 0.04609375
1 0.54765625 0.740625 0.0296875 0.040625
1 0.5125 0.73828125 0.0234375 0.04140625