2 0.2640625 0.43046875 0.11640625 0.20078125
2 0.3640625 0.4828125 0.12578125 0.22109375
2 0.79453125 0.390625 0.1125 0.1859375
0 0.0453125 0.434375 0.090625 0.20703125
0 0.45234375 0.2703125 0.07734375 0.12890625
0 0.6484375 0.2265625 0.065625 0.13359375
0 0.61015625 0.15078125 0.05859375 0.09609375
1 0.37265625 0.19765625 0.06484375 0.11953125
1 0.45 0.1875 0.0609375 0.0984375
1 0.521875 0.2296875 0.0640625 0.13125
1 0.559375 0.13984375 0.05 0.09375
1 0.59453125 0.25 0.07890625 0.1546875
1 0.43984375 0.375 0.096875 0.178125