0 0.109375 0.68203125 0.05 0.08203125
1 0.46953125 0.6515625 0.02890625 0.03515625
0 0.4640625 0.6234375 0.03515625 0.05078125
0 0.54765625 0.66328125 0.0359375 0.06953125
0 0.81953125 0.625 0.04453125 0.07265625
0 0.853125 0.62578125 0.04375 0.0765625
1 0.24609375 0.75078125 0.065625 0.12421875
1 0.4359375 0.7375 0.05859375 0.1015625
1 0.46484375 0.6921875 0.04140625 0.08515625
1 0.5109375 0.68125 0.04296875 0.07265625
1 0.53125 0.69609375 0.04453125 0.0765625
1 0.58203125 0.68671875 0.04453125 0.0953125
1 0.62578125 0.6390625 0.04609375 0.07109375
1 0.8921875 0.7171875 0.05546875 0.10078125
1 0.9390625 0.80234375 0.08828125 0.13359375