0 0.11015625 0.68125 0.0515625 0.08359375
1 0.46875 0.6546875 0.03125 0.03515625
0 0.46328125 0.6234375 0.0375 0.06015625
1 0.534375 0.70625 0.046875 0.08203125
0 0.54921875 0.66640625 0.03828125 0.0734375
0 0.81875 0.62421875 0.03359375 0.06953125
0 0.85390625 0.625 0.04375 0.08125
1 0.24609375 0.75546875 0.06484375 0.10703125
1 0.43828125 0.7328125 0.05625 0.10234375
1 0.46484375 0.68984375 0.0421875 0.07421875
1 0.5078125 0.68203125 0.0453125 0.07578125
1 0.58515625 0.690625 0.046875 0.08203125
1 0.62890625 0.6453125 0.0390625 0.06171875
1 0.8921875 0.7109375 0.0625 0.09453125
1 0.9390625 0.7984375 0.0796875 0.13828125