0 0.46328125 0.62734375 0.03828125 0.05546875
0 0.5484375 0.6640625 0.0421875 0.07421875
0 0.8203125 0.621875 0.0390625 0.06875
0 0.85546875 0.621875 0.0375 0.06875
1 0.25625 0.74921875 0.04375 0.11484375
1 0.43828125 0.73203125 0.05546875 0.096875
1 0.46328125 0.69453125 0.0359375 0.078125
1 0.4703125 0.64921875 0.02734375 0.040625
1 0.5046875 0.6765625 0.0390625 0.07890625
1 0.53046875 0.68984375 0.04375 0.09453125
1 0.58515625 0.6859375 0.04453125 0.1
1 0.62734375 0.64609375 0.04609375 0.08359375
1 0.88828125 0.7078125 0.05703125 0.1
1 0.9390625 0.8 0.08828125 0.1484375