0 0.10859375 0.6828125 0.0484375 0.0828125
0 0.4640625 0.62109375 0.03515625 0.0546875
0 0.546875 0.66875 0.04296875 0.075
0 0.8171875 0.62109375 0.03515625 0.0609375
0 0.8546875 0.6265625 0.04140625 0.07578125
1 0.24375 0.7484375 0.0640625 0.11796875
1 0.434375 0.73359375 0.05859375 0.109375
1 0.46484375 0.7 0.040625 0.084375
1 0.47109375 0.6671875 0.0296875 0.03828125
1 0.5078125 0.678125 0.040625 0.07734375
1 0.52734375 0.69921875 0.0484375 0.09453125
1 0.58046875 0.68203125 0.04921875 0.08203125
1 0.628125 0.6390625 0.0390625 0.071875
1 0.8953125 0.71796875 0.0640625 0.0984375
1 0.940625 0.79375 0.07890625 0.14765625